15 0.450342 0.346084 0.086273 0.109162
15 0.161214 0.575295 0.056660 0.151497
15 0.411161 0.597369 0.094291 0.109767
15 0.441255 0.484956 0.095253 0.112035
15 0.229207 0.654370 0.062647 0.107953
15 0.409237 0.722105 0.062647 0.107953
15 0.344024 0.699123 0.062647 0.107953
15 0.285867 0.677200 0.062647 0.107953
15 0.084830 0.534548 0.058050 0.159813
15 0.218249 0.410115 0.058050 0.159813
15 0.307890 0.418431 0.082532 0.124131
15 0.347926 0.305564 0.086273 0.118839
15 0.077667 0.718703 0.074086 0.104778
15 0.258178 0.840565 0.055164 0.102963
15 0.203068 0.820381 0.058478 0.104324
15 0.142987 0.798155 0.064037 0.101300
15 0.377165 0.889477 0.058371 0.102207
15 0.315801 0.865815 0.055164 0.102963
15 0.050727 0.824236 0.074086 0.104778
15 0.625989 0.442849 0.072589 0.120956
15 0.583868 0.719534 0.070879 0.128818
15 0.685856 0.603115 0.072589 0.120956
15 0.723701 0.473617 0.101454 0.115361
15 0.603004 0.574388 0.072589 0.120956
15 0.669019 0.740626 0.076545 0.118990
15 0.551101 0.895222 0.090870 0.131842
15 0.911589 0.415180 0.070986 0.115513
15 0.911375 0.414878 0.070986 0.115513
15 0.796451 0.723163 0.075048 0.084971
15 0.828523 0.632295 0.070986 0.115513
15 0.878662 0.515573 0.070986 0.115513
15 0.756949 0.807227 0.074514 0.096160
15 0.058959 0.293695 0.099316 0.127457
15 0.168217 0.253780 0.061043 0.161929
15 0.273519 0.252117 0.051849 0.111128
15 0.721777 0.927049 0.067244 0.135017
15 0.855356 0.826126 0.064144 0.092833
15 0.911535 0.661400 0.067885 0.104778
15 0.934948 0.856592 0.067885 0.104778
15 0.865245 0.274191 0.067885 0.104778
15 0.807729 0.353871 0.067885 0.104778
15 0.403303 0.096008 0.131388 0.088600
