15 0.270900 0.506955 0.070986 0.109162
15 0.505238 0.455473 0.063502 0.132295
15 0.430671 0.612489 0.064464 0.124887
15 0.428640 0.457892 0.067030 0.138041
15 0.364764 0.760584 0.072482 0.122316
15 0.355089 0.618536 0.068954 0.123677
15 0.350011 0.461219 0.069917 0.133807
15 0.278597 0.650741 0.070986 0.109162
15 0.437781 0.752268 0.063502 0.132295
15 0.514005 0.755141 0.063502 0.132295
15 0.596964 0.763456 0.063502 0.132295
15 0.588411 0.608784 0.063502 0.132295
15 0.585846 0.450635 0.063502 0.132295
15 0.509942 0.612413 0.063502 0.132295
15 0.431206 0.314711 0.061899 0.119897
15 0.504330 0.310175 0.061899 0.119897
15 0.587556 0.179468 0.060723 0.172362
15 0.301796 0.935213 0.061150 0.097218
15 0.815213 0.525779 0.055912 0.082401
15 0.740272 0.529332 0.060830 0.083762
15 0.607334 0.908452 0.061150 0.097218
15 0.533782 0.917977 0.061150 0.097218
15 0.452641 0.921908 0.061150 0.097218
15 0.375347 0.925839 0.061150 0.097218
15 0.740058 0.529029 0.060830 0.083762
15 0.806340 0.655125 0.060830 0.083762
15 0.967982 0.519806 0.060830 0.083762
15 0.965523 0.423344 0.060830 0.083762
15 0.962102 0.328092 0.060830 0.083762
15 0.668751 0.657091 0.060830 0.083762
15 0.663941 0.540218 0.060830 0.083762
15 0.894323 0.523738 0.060830 0.083762
15 0.889619 0.431660 0.060830 0.083762
15 0.877004 0.641820 0.060830 0.083762
15 0.737813 0.654672 0.060830 0.083762
15 0.888978 0.332325 0.060830 0.083762
15 0.812326 0.434684 0.060830 0.083762
15 0.812861 0.338222 0.060830 0.083762
15 0.739416 0.435138 0.060830 0.083762
15 0.740699 0.337617 0.060830 0.083762
15 0.946280 0.638343 0.060830 0.083762
15 0.883953 0.100695 0.060830 0.083762
15 0.810402 0.104778 0.060830 0.083762
15 0.734712 0.108709 0.060830 0.083762
15 0.885664 0.192773 0.060830 0.083762
15 0.810616 0.197914 0.060830 0.083762
15 0.734819 0.201845 0.060830 0.083762
15 0.666613 0.346235 0.060830 0.083762
15 0.659451 0.450711 0.060830 0.083762
15 0.655816 0.203508 0.060830 0.083762
15 0.655602 0.115664 0.060830 0.083762
15 0.911749 0.910342 0.060830 0.083762
15 0.835846 0.914273 0.060830 0.083762
15 0.756307 0.925915 0.060830 0.083762
15 0.680939 0.928409 0.058691 0.106592
15 0.687781 0.788328 0.087770 0.088600
15 0.687567 0.788025 0.087770 0.088600
15 0.089694 0.672966 0.089801 0.075295
15 0.876096 0.776005 0.081035 0.085122
15 0.957665 0.777442 0.079324 0.088600
15 0.782927 0.783490 0.087770 0.088600
15 0.148653 0.759147 0.074086 0.056244
15 0.153250 0.853644 0.067885 0.063804
15 0.153678 0.942244 0.068741 0.057151
15 0.582050 0.042637 0.071734 0.068037
