15 0.152502 0.504838 0.124546 0.149985
15 0.200984 0.282885 0.181740 0.086483
15 0.406404 0.327714 0.108510 0.201845
15 0.266303 0.612867 0.058798 0.238736
15 0.619093 0.789915 0.081676 0.124131
15 0.639994 0.656562 0.079431 0.114454
15 0.678052 0.420472 0.073445 0.087693
15 0.659344 0.538555 0.068313 0.093438
15 0.718409 0.158981 0.078683 0.152858
15 0.696333 0.301406 0.080073 0.105685
15 0.551475 0.216964 0.114496 0.090717
15 0.526192 0.418809 0.064357 0.075900
15 0.547092 0.327412 0.092688 0.075144
15 0.799230 0.790445 0.078683 0.133958
15 0.821039 0.659283 0.094719 0.102661
15 0.929335 0.690354 0.094933 0.094345
15 0.935963 0.574539 0.094933 0.094345
15 0.831409 0.546417 0.084670 0.094950
15 0.897798 0.445419 0.058798 0.096160
15 0.914475 0.335198 0.059012 0.083459
15 0.831730 0.426368 0.058798 0.096160
15 0.963866 0.465528 0.059012 0.083459
15 0.844345 0.321893 0.052598 0.090414
15 0.925807 0.217871 0.052598 0.090414
15 0.860701 0.214243 0.052598 0.090414
15 0.377379 0.569096 0.076331 0.090717
15 0.348995 0.782280 0.071948 0.104929
15 0.515929 0.068567 0.080180 0.063653
15 0.623263 0.056622 0.100706 0.076656
15 0.430404 0.062594 0.069489 0.066828
15 0.492249 0.606365 0.115352 0.111128
