15 0.453763 0.423269 0.074727 0.099335
15 0.355837 0.730798 0.074727 0.099335
15 0.391544 0.627835 0.074727 0.099335
15 0.424043 0.521696 0.074727 0.099335
15 0.556821 0.396129 0.061043 0.104022
15 0.237171 0.657015 0.074727 0.099335
15 0.262294 0.546643 0.074727 0.099335
15 0.300887 0.440505 0.074727 0.099335
15 0.331249 0.338600 0.074727 0.099335
15 0.405869 0.275703 0.074727 0.099335
15 0.487439 0.316374 0.074727 0.099335
15 0.219318 0.408149 0.074727 0.099335
15 0.191629 0.501739 0.074727 0.099335
15 0.166292 0.609767 0.065106 0.104324
15 0.068473 0.541881 0.058905 0.093136
15 0.243960 0.306925 0.071413 0.090112
15 0.096376 0.446477 0.055057 0.083157
15 0.083120 0.246447 0.055057 0.083157
15 0.127806 0.354929 0.063823 0.071817
15 0.613748 0.416314 0.058798 0.102661
15 0.786936 0.488282 0.058798 0.102661
15 0.724075 0.466359 0.058798 0.102661
15 0.669553 0.445646 0.058798 0.102661
15 0.639299 0.250000 0.064144 0.102661
15 0.639085 0.249698 0.064144 0.102661
15 0.638871 0.249395 0.064144 0.102661
15 0.692378 0.276988 0.057195 0.102510
15 0.821360 0.318415 0.066496 0.106138
15 0.754490 0.295736 0.057195 0.102510
15 0.847338 0.074236 0.089587 0.108558
15 0.819649 0.206834 0.085311 0.106743
15 0.113908 0.141972 0.071734 0.094043
15 0.188529 0.169791 0.071734 0.094043
15 0.035814 0.109238 0.064571 0.109616
15 0.490753 0.138116 0.063395 0.155579
15 0.562273 0.177729 0.063395 0.155579
15 0.701999 0.700937 0.093115 0.105836
15 0.716325 0.587239 0.093115 0.105836
15 0.917148 0.774569 0.081249 0.118234
15 0.939491 0.640460 0.082318 0.116420
15 0.960659 0.504233 0.073124 0.120956
15 0.185322 0.916919 0.061899 0.138343
15 0.073658 0.832401 0.054522 0.140762
15 0.259034 0.945419 0.073338 0.098276
15 0.152876 0.280163 0.054950 0.057151
