15 0.140742 0.179846 0.097819 0.122014
15 0.630800 0.447309 0.097819 0.122014
15 0.571948 0.249698 0.098140 0.148624
15 0.445424 0.073103 0.097819 0.122014
15 0.486476 0.465906 0.097819 0.122014
15 0.416934 0.755141 0.101133 0.157091
15 0.344077 0.473919 0.097819 0.122014
15 0.284263 0.122619 0.117597 0.117629
15 0.238989 0.802767 0.097819 0.122014
15 0.209055 0.599259 0.097819 0.122014
15 0.167575 0.381993 0.097819 0.122014
15 0.710445 0.686952 0.114283 0.198518
15 0.536241 0.693226 0.126791 0.133958
