15 0.122675 0.094950 0.107654 0.103719
15 0.127058 0.234956 0.107654 0.103719
15 0.453923 0.076353 0.100492 0.102207
15 0.343436 0.081040 0.092260 0.101300
15 0.237973 0.087315 0.095574 0.101754
15 0.463064 0.210689 0.097391 0.096916
15 0.351080 0.221349 0.096857 0.105836
15 0.241768 0.226565 0.100171 0.101754
15 0.136145 0.370502 0.108296 0.108104
15 0.469692 0.344421 0.097819 0.110372
15 0.357387 0.352283 0.104127 0.103115
15 0.246151 0.360750 0.095895 0.103417
15 0.265608 0.642123 0.097819 0.110372
15 0.141864 0.651875 0.116742 0.106592
15 0.261332 0.507711 0.097819 0.110372
15 0.139459 0.517161 0.113641 0.112640
15 0.267800 0.924403 0.097071 0.101603
15 0.260370 0.788177 0.098033 0.106138
15 0.141223 0.931736 0.116742 0.106592
15 0.138764 0.793242 0.116742 0.106592
15 0.484659 0.910946 0.098033 0.106138
15 0.482200 0.771394 0.098033 0.106138
15 0.375722 0.912610 0.098033 0.106138
15 0.370162 0.778349 0.098033 0.106138
15 0.708200 0.608255 0.098033 0.106138
15 0.587823 0.618688 0.109365 0.112489
15 0.711514 0.887360 0.098033 0.106138
15 0.708307 0.754309 0.098033 0.106138
15 0.596697 0.763683 0.098033 0.106138
15 0.599476 0.901572 0.098033 0.106138
15 0.702160 0.305262 0.103271 0.123677
15 0.582959 0.315996 0.112679 0.121863
15 0.713438 0.459555 0.109793 0.124131
15 0.588144 0.471122 0.111503 0.126701
15 0.696921 0.156789 0.104554 0.131237
15 0.573070 0.163668 0.109579 0.134714
15 0.820718 0.280768 0.097071 0.120956
15 0.824620 0.421379 0.100812 0.111279
15 0.821574 0.573103 0.085953 0.128062
15 0.818848 0.724221 0.086915 0.126096
15 0.815694 0.869822 0.085525 0.126399
15 0.815159 0.129271 0.097071 0.120956
