15 0.207398 0.232159 0.081676 0.084215
15 0.224556 0.627759 0.099530 0.154823
15 0.461941 0.216284 0.081676 0.084215
15 0.286188 0.231252 0.081676 0.084215
15 0.365405 0.221122 0.081676 0.084215
15 0.547680 0.412080 0.081676 0.084215
15 0.472632 0.426897 0.081676 0.084215
15 0.383045 0.425386 0.081676 0.084215
15 0.289716 0.438086 0.081676 0.084215
15 0.200128 0.448518 0.081676 0.084215
15 0.754383 0.584896 0.095040 0.169187
15 0.625775 0.597974 0.099530 0.154823
15 0.491073 0.609465 0.108510 0.159057
15 0.357334 0.623375 0.099530 0.154823
15 0.221670 0.801255 0.090122 0.084215
15 0.423829 0.791276 0.090122 0.084215
15 0.322803 0.798382 0.090122 0.084215
15 0.688743 0.897188 0.099743 0.082552
15 0.574834 0.907242 0.109044 0.088449
15 0.746793 0.764515 0.090122 0.084215
15 0.643521 0.769504 0.090122 0.084215
15 0.784744 0.886151 0.099743 0.082552
15 0.638925 0.409283 0.074086 0.088600
15 0.729688 0.364832 0.066603 0.166616
15 0.629089 0.203281 0.073872 0.087844
15 0.543137 0.207439 0.064037 0.086181
15 0.722311 0.211823 0.058050 0.102510
15 0.247755 0.050348 0.074086 0.088600
15 0.504116 0.097520 0.074086 0.088600
15 0.330607 0.095252 0.074086 0.088600
15 0.154319 0.099788 0.065747 0.111279
