15 0.470227 0.398322 0.086273 0.123223
15 0.061524 0.363396 0.086273 0.123223
15 0.536936 0.279029 0.086273 0.123223
15 0.123851 0.477699 0.086273 0.123223
15 0.268709 0.785682 0.176288 0.113245
15 0.094772 0.645147 0.166453 0.124282
15 0.115084 0.241836 0.074086 0.095101
15 0.349904 0.251512 0.093222 0.114454
15 0.420034 0.123753 0.093222 0.114454
15 0.551529 0.475733 0.096216 0.093892
15 0.609365 0.364152 0.096216 0.093892
15 0.268548 0.463184 0.096216 0.093892
15 0.201839 0.341926 0.096216 0.093892
15 0.360487 0.528500 0.096216 0.093892
15 0.439812 0.607802 0.082745 0.101905
15 0.302598 0.614681 0.111289 0.101149
15 0.374065 0.714621 0.089160 0.115059
15 0.904747 0.776988 0.118452 0.096160
15 0.942591 0.884790 0.104127 0.098579
15 0.657099 0.905201 0.074300 0.090414
15 0.728779 0.893710 0.060723 0.102510
