15 0.150951 0.452979 0.066496 0.087390
15 0.546451 0.595404 0.066603 0.083459
15 0.552010 0.388419 0.067672 0.087088
15 0.468302 0.481705 0.065533 0.086181
15 0.385717 0.581494 0.070344 0.089809
15 0.394430 0.373979 0.068313 0.085727
15 0.310349 0.468249 0.066923 0.084971
15 0.224663 0.566450 0.064037 0.093892
15 0.232521 0.361506 0.058798 0.090717
15 0.628982 0.494633 0.061899 0.082099
15 0.628768 0.494330 0.061899 0.082099
15 0.710231 0.400136 0.061899 0.082099
15 0.703389 0.603190 0.061899 0.082099
15 0.865352 0.627003 0.103806 0.147566
15 0.142025 0.660191 0.064037 0.093892
15 0.248503 0.763759 0.086701 0.085727
15 0.346857 0.777366 0.086701 0.085727
15 0.461835 0.690203 0.070344 0.089809
15 0.137267 0.887360 0.096857 0.147566
15 0.109579 0.241684 0.062219 0.082401
15 0.197616 0.244784 0.063182 0.069852
15 0.418912 0.252041 0.063182 0.069852
