15 0.173509 0.481025 0.077828 0.104778
15 0.228726 0.638570 0.090977 0.096613
15 0.257270 0.531448 0.090549 0.096764
15 0.274802 0.787874 0.068099 0.115513
15 0.316923 0.674403 0.071734 0.119897
15 0.426502 0.543468 0.070665 0.094497
15 0.773252 0.572044 0.077828 0.104778
15 0.768334 0.441110 0.077828 0.104778
15 0.456703 0.653160 0.063930 0.093136
15 0.362412 0.816374 0.077828 0.104778
15 0.064357 0.804581 0.065854 0.101451
15 0.653838 0.591095 0.077828 0.104778
15 0.646568 0.461219 0.077828 0.104778
15 0.629570 0.329226 0.077828 0.104778
15 0.338465 0.426142 0.077828 0.104778
15 0.326064 0.303674 0.077828 0.104778
15 0.144003 0.597218 0.067992 0.101603
15 0.037471 0.908074 0.062754 0.075900
15 0.186658 0.744859 0.089801 0.095706
15 0.142239 0.847747 0.064037 0.112186
15 0.106318 0.703432 0.082638 0.085425
15 0.104394 0.950862 0.062754 0.075900
15 0.385985 0.731327 0.062754 0.075900
15 0.525230 0.645298 0.063930 0.093136
15 0.409504 0.291503 0.056553 0.103719
15 0.510904 0.528878 0.076545 0.082552
15 0.503047 0.400968 0.056553 0.103719
15 0.426502 0.419111 0.056553 0.103719
15 0.487332 0.280617 0.056553 0.103719
15 0.622889 0.220819 0.075583 0.065770
15 0.926662 0.167750 0.067778 0.063955
15 0.807302 0.192244 0.075583 0.065770
15 0.716218 0.203735 0.075583 0.065770
15 0.499145 0.911400 0.133633 0.077714
15 0.704993 0.935894 0.137374 0.096160
15 0.629356 0.328923 0.077828 0.104778
15 0.935108 0.283943 0.069275 0.103719
15 0.814304 0.301557 0.071413 0.105383
15 0.725679 0.311687 0.071627 0.104475
