15 0.329645 0.218703 0.093970 0.106894
15 0.217768 0.595555 0.084028 0.111279
15 0.217554 0.595252 0.084028 0.111279
15 0.279346 0.676142 0.067565 0.109767
15 0.324995 0.742818 0.067565 0.109767
15 0.411054 0.902480 0.067565 0.109767
15 0.563556 0.786513 0.085846 0.107348
15 0.528651 0.532507 0.076117 0.105534
15 0.478138 0.458497 0.071734 0.102359
15 0.477924 0.458195 0.071734 0.102359
15 0.578523 0.616647 0.071734 0.102359
15 0.623423 0.690883 0.071734 0.102359
15 0.647210 0.566979 0.055805 0.071061
15 0.688155 0.623979 0.055805 0.071061
15 0.453015 0.802313 0.079431 0.097218
15 0.501657 0.871107 0.079431 0.097218
15 0.446226 0.603341 0.100492 0.102056
15 0.396889 0.680904 0.092260 0.093892
15 0.188796 0.300726 0.116100 0.089507
15 0.256254 0.377759 0.083387 0.135621
15 0.340870 0.441185 0.098888 0.089809
15 0.293457 0.519202 0.097498 0.095555
15 0.394965 0.324312 0.096109 0.105231
15 0.198204 0.910039 0.059012 0.089205
15 0.834616 0.169565 0.096643 0.133807
15 0.774375 0.068945 0.100599 0.097369
15 0.117704 0.105231 0.088518 0.081040
