15 0.032286 0.608558 0.061150 0.087390
15 0.048161 0.935591 0.062754 0.085576
15 0.043190 0.831569 0.061150 0.087390
15 0.035386 0.708044 0.061150 0.087390
15 0.145820 0.952827 0.061150 0.087390
15 0.134809 0.841246 0.061150 0.087390
15 0.131708 0.747959 0.061150 0.087390
15 0.125294 0.648473 0.061150 0.087390
15 0.215309 0.856668 0.061150 0.087390
15 0.209001 0.765649 0.061150 0.087390
15 0.201946 0.663744 0.061150 0.087390
15 0.301368 0.934079 0.061150 0.087390
15 0.298054 0.821439 0.061150 0.087390
15 0.288005 0.722861 0.061150 0.087390
15 0.283194 0.633051 0.061150 0.087390
15 0.199059 0.269958 0.064999 0.069096
15 0.285974 0.431585 0.064999 0.069096
15 0.275711 0.223995 0.064999 0.069096
15 0.284263 0.324614 0.056446 0.095857
15 0.205153 0.463033 0.064999 0.069096
15 0.197723 0.362640 0.064464 0.099637
15 0.275497 0.223692 0.064999 0.069096
15 0.362839 0.362186 0.072055 0.100544
15 0.355784 0.242213 0.067565 0.111581
15 0.365886 0.455171 0.068741 0.040067
15 0.452641 0.214318 0.069489 0.063653
15 0.456756 0.320683 0.059547 0.099486
15 0.542923 0.327034 0.076652 0.086786
15 0.541693 0.218325 0.071413 0.100998
15 0.463331 0.429317 0.060295 0.078772
15 0.640100 0.258618 0.079431 0.197611
15 0.739737 0.207892 0.083280 0.098276
15 0.718890 0.516480 0.083280 0.098276
15 0.724022 0.408074 0.083280 0.098276
15 0.734499 0.308437 0.083280 0.098276
15 0.359044 0.540445 0.076438 0.089658
15 0.454084 0.728682 0.074300 0.088751
15 0.449701 0.635773 0.075369 0.082552
15 0.355997 0.644769 0.074834 0.077563
15 0.449380 0.533943 0.068099 0.087542
15 0.378180 0.917372 0.074300 0.088751
15 0.365031 0.732461 0.074300 0.088751
15 0.544045 0.736166 0.075903 0.115210
15 0.468089 0.842531 0.074300 0.088751
15 0.632350 0.732613 0.071841 0.115664
15 0.545328 0.520940 0.081035 0.087542
15 0.545114 0.428712 0.081035 0.087542
15 0.715469 0.692017 0.072162 0.080435
15 0.547039 0.630859 0.066923 0.057907
15 0.630853 0.627230 0.066923 0.057907
15 0.714935 0.778198 0.065533 0.080738
15 0.558959 0.843816 0.065533 0.080738
15 0.636038 0.844875 0.065533 0.080738
15 0.488508 0.956758 0.064892 0.075597
15 0.663994 0.951769 0.059012 0.081343
15 0.603859 0.954868 0.053988 0.079377
15 0.916453 0.509147 0.074941 0.093892
15 0.926930 0.372770 0.074941 0.093892
15 0.955794 0.226716 0.074941 0.093892
15 0.914956 0.703508 0.126684 0.156637
