15 0.427838 0.247279 0.057943 0.086332
15 0.444569 0.674176 0.062754 0.081343
15 0.433665 0.575219 0.064464 0.086937
15 0.821146 0.404974 0.057943 0.086332
15 0.740753 0.415558 0.057943 0.086332
15 0.663941 0.419867 0.069810 0.078016
15 0.586059 0.431282 0.057943 0.086332
15 0.512561 0.435213 0.065533 0.088449
15 0.431473 0.442471 0.057943 0.086332
15 0.816870 0.314711 0.057943 0.086332
15 0.738721 0.323027 0.057943 0.086332
15 0.661428 0.328168 0.057943 0.086332
15 0.506949 0.339809 0.057943 0.086332
15 0.428052 0.344799 0.057943 0.086332
15 0.579004 0.335878 0.057943 0.086332
15 0.806393 0.220064 0.057943 0.086332
15 0.731345 0.224146 0.057943 0.086332
15 0.655548 0.231252 0.057943 0.086332
15 0.577400 0.241836 0.057943 0.086332
15 0.498610 0.243650 0.057943 0.086332
15 0.594665 0.565921 0.062754 0.081343
15 0.529666 0.867856 0.062754 0.081343
15 0.526673 0.761188 0.072589 0.086634
15 0.516945 0.665407 0.062754 0.081343
15 0.512134 0.562443 0.062754 0.081343
15 0.618078 0.874509 0.062754 0.081343
15 0.601828 0.755367 0.062754 0.081343
15 0.595628 0.653614 0.062754 0.081343
15 0.759889 0.777971 0.065854 0.113547
15 0.756361 0.650363 0.063716 0.113849
15 0.687139 0.775023 0.063182 0.110977
15 0.680885 0.658679 0.066496 0.112337
15 0.925647 0.840792 0.062754 0.081343
15 0.769778 0.919338 0.065961 0.118083
15 0.847445 0.915482 0.064785 0.132446
15 0.834830 0.681887 0.064144 0.113396
15 0.832745 0.552691 0.063609 0.114757
15 0.927037 0.942244 0.062754 0.081343
15 0.069222 0.577260 0.075583 0.098276
15 0.301689 0.700711 0.072055 0.116873
15 0.302705 0.560629 0.070024 0.129120
15 0.226213 0.712428 0.073124 0.123979
15 0.221510 0.573405 0.067351 0.123223
15 0.156885 0.713638 0.076010 0.153614
15 0.147637 0.570910 0.063930 0.110977
15 0.073017 0.719837 0.077186 0.149985
15 0.285386 0.374584 0.071093 0.159813
15 0.052224 0.400287 0.071093 0.159813
15 0.131441 0.391367 0.071093 0.159813
15 0.211514 0.382295 0.071093 0.159813
15 0.044901 0.252721 0.067992 0.095101
15 0.279025 0.231857 0.067992 0.095101
15 0.200984 0.242289 0.067992 0.095101
15 0.122835 0.240928 0.067992 0.095101
15 0.035707 0.087466 0.058798 0.129574
15 0.269617 0.092607 0.067351 0.140762
15 0.188208 0.081645 0.066816 0.130330
15 0.107548 0.085500 0.058798 0.129574
15 0.402555 0.111128 0.175647 0.090717
15 0.594024 0.102207 0.175647 0.090717
15 0.695799 0.929241 0.056553 0.109162
