15 0.077667 0.203583 0.084777 0.104778
15 0.159344 0.501966 0.084990 0.095252
15 0.166774 0.402404 0.082104 0.097823
15 0.083814 0.306774 0.081890 0.086181
15 0.175700 0.289840 0.084135 0.089809
15 0.177571 0.186574 0.085097 0.091019
15 0.074139 0.719459 0.067030 0.113849
15 0.158275 0.760281 0.067030 0.073329
15 0.156617 0.665104 0.078041 0.084366
15 0.159130 0.501663 0.084990 0.095252
15 0.573338 0.164802 0.067778 0.091624
15 0.434680 0.349259 0.062647 0.091926
15 0.359686 0.362111 0.079645 0.096462
15 0.488828 0.197006 0.084990 0.095252
15 0.405067 0.217115 0.075262 0.101300
15 0.500321 0.334215 0.061150 0.089658
15 0.497007 0.454793 0.072269 0.096764
15 0.430511 0.480647 0.070986 0.101300
15 0.354447 0.490928 0.079645 0.096462
15 0.502619 0.786740 0.074727 0.078772
15 0.499572 0.685213 0.072269 0.096764
15 0.505559 0.578016 0.072269 0.096764
15 0.588946 0.795358 0.070130 0.080889
15 0.592795 0.690656 0.072269 0.096764
15 0.597926 0.583459 0.070558 0.085878
15 0.677838 0.776383 0.068099 0.123375
15 0.679388 0.668506 0.070130 0.080889
15 0.681420 0.563275 0.070130 0.080889
15 0.677518 0.450786 0.080928 0.122014
15 0.790304 0.367478 0.067458 0.094497
15 0.631334 0.273133 0.067458 0.094497
15 0.573819 0.293544 0.067458 0.094497
15 0.690774 0.255897 0.067458 0.094497
15 0.359418 0.700333 0.125935 0.139401
15 0.041800 0.948669 0.058798 0.076656
15 0.105944 0.943831 0.057302 0.082099
