15 0.052384 0.316526 0.067992 0.097218
15 0.342420 0.616495 0.067992 0.097218
15 0.336006 0.481176 0.067992 0.097218
15 0.378555 0.339205 0.067992 0.097218
15 0.293671 0.349788 0.067992 0.097218
15 0.198739 0.366873 0.067992 0.097218
15 0.217554 0.503704 0.067992 0.097218
15 0.231131 0.629649 0.067992 0.097218
15 0.081302 0.570608 0.083494 0.087693
15 0.067885 0.440354 0.063075 0.096613
15 0.937781 0.151043 0.096429 0.095252
15 0.653838 0.295358 0.067992 0.097218
15 0.579431 0.309117 0.067992 0.097218
15 0.497648 0.319701 0.067992 0.097218
15 0.024482 0.684155 0.048749 0.081040
15 0.086434 0.682189 0.048856 0.081040
15 0.185268 0.261188 0.069489 0.069096
15 0.569917 0.201467 0.069489 0.069096
15 0.371178 0.232613 0.069489 0.069096
15 0.283087 0.246371 0.069489 0.069096
15 0.486102 0.210236 0.069489 0.069096
15 0.650738 0.188313 0.069489 0.069096
15 0.545382 0.799138 0.065747 0.129574
15 0.769885 0.254763 0.145072 0.226792
15 0.638925 0.792637 0.052705 0.112337
15 0.703442 0.788857 0.065640 0.115664
15 0.746205 0.937859 0.067137 0.113396
15 0.804255 0.572876 0.074834 0.180224
