15 0.256361 0.291578 0.098567 0.144693
15 0.367757 0.435591 0.100278 0.139704
15 0.359953 0.262625 0.092795 0.105231
15 0.529132 0.589885 0.098247 0.163744
15 0.677945 0.397490 0.121338 0.101300
15 0.573551 0.400514 0.068848 0.131842
15 0.502619 0.412232 0.059547 0.138645
15 0.639406 0.551860 0.100278 0.139704
15 0.739309 0.492365 0.077935 0.066979
15 0.745938 0.580511 0.077935 0.066979
15 0.151860 0.600771 0.076866 0.057907
15 0.140635 0.521092 0.071734 0.057000
15 0.130639 0.449652 0.072055 0.059571
15 0.109579 0.370729 0.062219 0.059873
15 0.286134 0.750076 0.069382 0.057151
15 0.284317 0.679997 0.076866 0.057907
15 0.272664 0.598806 0.076866 0.057907
15 0.176876 0.764666 0.076866 0.057907
15 0.172814 0.689825 0.076866 0.057907
15 0.407526 0.902253 0.055805 0.089658
15 0.524428 0.901194 0.078576 0.117780
15 0.179602 0.938388 0.097712 0.097218
15 0.344558 0.928712 0.064144 0.118688
15 0.657259 0.858482 0.089374 0.090717
15 0.933558 0.548458 0.124759 0.105987
15 0.773894 0.909510 0.097285 0.070910
15 0.767693 0.833233 0.094505 0.074388
15 0.911909 0.420547 0.138978 0.096311
15 0.665544 0.948065 0.086487 0.083913
