15 0.191041 0.241911 0.084028 0.177200
15 0.159237 0.482613 0.101882 0.185969
15 0.295114 0.290747 0.098888 0.176595
15 0.257858 0.564258 0.083173 0.173874
15 0.430832 0.282356 0.117597 0.130783
15 0.713919 0.369595 0.117597 0.130783
15 0.570237 0.318491 0.117597 0.130783
15 0.364069 0.562065 0.084777 0.273208
15 0.504864 0.649002 0.122194 0.142576
15 0.556446 0.463260 0.193286 0.133958
15 0.656671 0.672437 0.122194 0.142576
15 0.837129 0.444360 0.100812 0.178107
15 0.105891 0.710009 0.072589 0.132749
15 0.185108 0.734503 0.072589 0.132749
15 0.847338 0.721878 0.135129 0.154370
15 0.357441 0.822876 0.155762 0.159813
15 0.494975 0.854249 0.064144 0.138192
15 0.634328 0.833686 0.115352 0.084366
15 0.788593 0.917901 0.127539 0.092833
15 0.949273 0.505972 0.093115 0.208497
