15 0.248022 0.459480 0.092367 0.132749
15 0.325636 0.372845 0.092367 0.132749
15 0.447081 0.202223 0.079752 0.122619
15 0.514165 0.342380 0.081142 0.122921
15 0.599530 0.678183 0.082532 0.125340
15 0.442110 0.719610 0.081142 0.109314
15 0.407366 0.599562 0.082211 0.125038
15 0.273092 0.771092 0.078576 0.118536
15 0.208520 0.678031 0.082638 0.109918
15 0.720654 0.631766 0.110755 0.101451
15 0.671584 0.442471 0.110755 0.101451
15 0.593436 0.138721 0.110755 0.101451
15 0.706917 0.096084 0.083066 0.135924
15 0.798322 0.084896 0.083066 0.135924
15 0.762241 0.243952 0.085525 0.110221
15 0.851400 0.226414 0.085525 0.110221
15 0.815106 0.390611 0.118773 0.130178
15 0.087610 0.940581 0.096964 0.103719
