15 0.099369 0.429241 0.108510 0.152404
15 0.445959 0.515422 0.108510 0.152404
15 0.310509 0.581947 0.108510 0.152404
15 0.375187 0.308437 0.108510 0.152404
15 0.236851 0.366495 0.108510 0.152404
15 0.794901 0.593136 0.108510 0.152404
15 0.653517 0.661173 0.113534 0.144239
15 0.516410 0.725280 0.108510 0.152404
15 0.581837 0.441034 0.108510 0.152404
15 0.384488 0.889855 0.115352 0.125340
15 0.217394 0.773208 0.129036 0.079831
15 0.208253 0.935062 0.125935 0.090868
15 0.092474 0.733293 0.078041 0.168431
