15 0.283462 0.556093 0.102309 0.133958
15 0.121018 0.309646 0.106265 0.162383
15 0.403891 0.422437 0.111824 0.137889
15 0.271435 0.219912 0.098781 0.119595
15 0.262775 0.360070 0.098781 0.119595
15 0.588946 0.256501 0.085525 0.132900
15 0.585097 0.489719 0.096216 0.096160
15 0.657045 0.392350 0.075262 0.142123
15 0.509301 0.578092 0.085525 0.132900
15 0.524375 0.126323 0.085525 0.132900
15 0.364764 0.741987 0.085525 0.132900
15 0.434787 0.654143 0.085525 0.132900
15 0.446761 0.281146 0.085525 0.132900
15 0.624011 0.743499 0.117597 0.106894
15 0.646836 0.622392 0.122408 0.109314
15 0.758606 0.889855 0.150738 0.127457
15 0.479688 0.867176 0.149669 0.146810
15 0.857654 0.824539 0.073231 0.182492
15 0.092581 0.674478 0.062647 0.130632
