15 0.364390 0.853190 0.079431 0.116722
15 0.382457 0.605685 0.079431 0.116722
15 0.454832 0.537194 0.079431 0.116722
15 0.549658 0.454264 0.090763 0.115966
15 0.547627 0.573329 0.079431 0.116722
15 0.631334 0.623828 0.079431 0.116722
15 0.533408 0.716510 0.079431 0.116722
15 0.376577 0.729060 0.079431 0.116722
15 0.452801 0.807681 0.079431 0.116722
15 0.287096 0.682189 0.079431 0.116722
15 0.212904 0.510281 0.079431 0.116722
15 0.382243 0.230118 0.079431 0.116722
15 0.221670 0.378893 0.079431 0.116722
15 0.294687 0.428183 0.079431 0.116722
15 0.382350 0.359843 0.079431 0.116722
15 0.474503 0.268824 0.079431 0.116722
15 0.120750 0.326051 0.076438 0.125340
15 0.386305 0.104400 0.076438 0.125340
15 0.281430 0.192546 0.076438 0.125340
15 0.199540 0.274342 0.076438 0.125340
