15 0.128768 0.289386 0.126042 0.194436
15 0.276566 0.339129 0.138978 0.246145
15 0.461407 0.326580 0.096216 0.158754
15 0.286134 0.596084 0.103164 0.159813
15 0.263951 0.779634 0.092367 0.172815
15 0.575529 0.373601 0.089267 0.136075
15 0.568313 0.701996 0.085525 0.136075
15 0.401433 0.644693 0.078683 0.129725
15 0.425486 0.489719 0.082532 0.134865
15 0.582050 0.548609 0.077935 0.155579
15 0.361450 0.840187 0.097712 0.166314
15 0.681634 0.420094 0.080180 0.146810
15 0.466806 0.900590 0.090122 0.144693
15 0.789341 0.350998 0.081783 0.157696
15 0.894751 0.390308 0.093970 0.165256
