15 0.238775 0.656637 0.074086 0.105836
15 0.323551 0.674932 0.057195 0.101603
15 0.392666 0.686272 0.061150 0.094043
15 0.466004 0.700786 0.064144 0.090717
15 0.260156 0.341775 0.075583 0.109011
15 0.342260 0.358482 0.065747 0.090717
15 0.419767 0.373601 0.060402 0.094950
15 0.493051 0.382749 0.058798 0.076656
15 0.336166 0.514515 0.067244 0.098276
15 0.411375 0.523208 0.060295 0.087542
15 0.480436 0.538252 0.054950 0.098276
15 0.449968 0.814862 0.061150 0.089658
15 0.494601 0.254838 0.072589 0.097218
