15 0.236476 0.387133 0.168698 0.128364
15 0.357548 0.518370 0.137374 0.114454
15 0.510691 0.498337 0.145820 0.117629
15 0.295756 0.933550 0.058050 0.080889
15 0.362786 0.884563 0.058050 0.080889
15 0.426983 0.818264 0.047466 0.071666
15 0.575583 0.960009 0.060295 0.066979
15 0.352897 0.714772 0.081035 0.051860
15 0.089160 0.653840 0.048108 0.102661
15 0.133312 0.774493 0.048108 0.102661
15 0.264806 0.783036 0.078683 0.047475
15 0.184520 0.848276 0.080180 0.048533
15 0.186872 0.615513 0.080180 0.062594
15 0.288433 0.651724 0.080180 0.061536
