15 0.047466 0.338449 0.053453 0.104778
15 0.508232 0.549592 0.059012 0.077412
15 0.442003 0.607121 0.061685 0.091170
15 0.107120 0.305186 0.053453 0.104778
15 0.172547 0.259374 0.053453 0.104778
15 0.622033 0.833611 0.061685 0.091170
15 0.789555 0.588298 0.058264 0.078319
15 0.577988 0.498942 0.061471 0.084064
15 0.554950 0.896281 0.064785 0.084064
15 0.760049 0.736090 0.061685 0.091170
15 0.691095 0.787496 0.061685 0.091170
15 0.888978 0.839507 0.061685 0.091170
15 0.823765 0.889855 0.061685 0.091170
15 0.963064 0.784548 0.067244 0.089809
15 0.755613 0.941563 0.059012 0.080284
