15 0.291105 0.361204 0.051956 0.119746
15 0.344558 0.473541 0.082532 0.068037
15 0.430885 0.527517 0.085418 0.063804
15 0.437620 0.374055 0.140582 0.145751
15 0.517907 0.545434 0.047359 0.110221
15 0.559066 0.444285 0.050353 0.117780
15 0.645767 0.631161 0.043511 0.089658
15 0.711033 0.479362 0.042762 0.101451
15 0.676395 0.550272 0.042762 0.101451
15 0.763470 0.166919 0.089267 0.126399
15 0.852737 0.211748 0.084777 0.125340
15 0.927945 0.141442 0.093222 0.118688
15 0.658649 0.105912 0.097071 0.144693
15 0.124653 0.134412 0.054950 0.124282
15 0.240966 0.166843 0.057302 0.111128
15 0.570612 0.761869 0.067244 0.104627
15 0.513684 0.910342 0.066496 0.120956
