15 0.419767 0.525930 0.089267 0.146810
15 0.449968 0.685213 0.128287 0.113396
15 0.089106 0.872619 0.099957 0.097218
15 0.275069 0.880632 0.076331 0.063653
15 0.324674 0.443226 0.053453 0.122014
15 0.244869 0.526988 0.061899 0.138343
15 0.322803 0.593892 0.072589 0.073480
15 0.836327 0.285606 0.117597 0.122165
15 0.719852 0.539915 0.124546 0.101603
15 0.817618 0.910342 0.083173 0.105836
15 0.833654 0.539915 0.060295 0.103719
15 0.249091 0.653311 0.065640 0.075597
15 0.142559 0.288252 0.067885 0.127457
