15 0.075796 0.245691 0.061150 0.083157
15 0.151272 0.192849 0.065640 0.089658
15 0.460445 0.315618 0.065640 0.089658
15 0.394484 0.373677 0.065640 0.089658
15 0.328202 0.425537 0.061792 0.081796
15 0.261225 0.484805 0.056553 0.084215
15 0.191202 0.538706 0.066816 0.077412
15 0.282874 0.086256 0.065640 0.089658
15 0.217019 0.143257 0.065640 0.089658
15 0.598567 0.220668 0.065640 0.089658
15 0.529613 0.271016 0.065640 0.089658
15 0.083868 0.043846 0.072375 0.076504
15 0.427464 0.700786 0.096964 0.207439
15 0.536134 0.622921 0.091725 0.222861
15 0.649134 0.527820 0.090015 0.216510
15 0.709215 0.912005 0.058798 0.111279
