15 0.378501 0.814862 0.086273 0.182492
15 0.387054 0.159283 0.045007 0.119897
15 0.685429 0.716132 0.045007 0.119897
15 0.636359 0.589583 0.045007 0.119897
15 0.613160 0.769655 0.045007 0.119897
15 0.569436 0.644013 0.045007 0.119897
15 0.523359 0.521696 0.045007 0.119897
15 0.475893 0.400438 0.045007 0.119897
15 0.600118 0.463789 0.045007 0.119897
15 0.434199 0.277820 0.045007 0.119897
15 0.502833 0.235637 0.040731 0.105383
15 0.456970 0.112413 0.042442 0.109918
15 0.544580 0.360599 0.044259 0.123072
15 0.134969 0.672210 0.045007 0.120048
