15 0.348781 0.219156 0.054201 0.155579
15 0.287684 0.628515 0.067992 0.181433
15 0.313609 0.409435 0.064892 0.179317
15 0.411375 0.288328 0.060295 0.168431
15 0.381976 0.496674 0.074834 0.196553
15 0.346483 0.718703 0.058798 0.210614
15 0.562968 0.757031 0.087022 0.090717
15 0.716378 0.412458 0.064144 0.133958
15 0.893201 0.419489 0.093864 0.135017
15 0.918805 0.571288 0.113000 0.112337
15 0.616795 0.174327 0.074086 0.130632
15 0.795809 0.333081 0.054950 0.115513
15 0.797359 0.484276 0.070237 0.068037
15 0.764165 0.899531 0.090870 0.082099
15 0.751924 0.759147 0.071093 0.062594
