15 0.068206 0.391518 0.062647 0.078772
15 0.533675 0.734729 0.062647 0.078772
15 0.454886 0.746371 0.062647 0.078772
15 0.433184 0.647641 0.062647 0.078772
15 0.355142 0.645222 0.062647 0.078772
15 0.264806 0.564938 0.062647 0.078772
15 0.242463 0.464243 0.062647 0.078772
15 0.162070 0.478001 0.062647 0.078772
15 0.137374 0.376247 0.062647 0.078772
15 0.627646 0.835122 0.062647 0.078772
15 0.214988 0.212806 0.062647 0.078772
15 0.338572 0.400438 0.062647 0.078772
15 0.312380 0.298533 0.062647 0.078772
15 0.239684 0.311234 0.062647 0.078772
15 0.555270 0.837844 0.062647 0.078772
15 0.140582 0.215376 0.062647 0.078772
15 0.511439 0.473617 0.062647 0.078772
15 0.434894 0.475431 0.062647 0.078772
15 0.734445 0.605156 0.062647 0.078772
15 0.633312 0.509752 0.062647 0.078772
15 0.529185 0.575219 0.062647 0.078772
15 0.658649 0.611204 0.062647 0.078772
15 0.553346 0.261491 0.062647 0.078772
15 0.635557 0.339054 0.062647 0.078772
15 0.733162 0.440203 0.062647 0.078772
15 0.448685 0.168657 0.062647 0.078772
15 0.527796 0.154294 0.062647 0.078772
15 0.349369 0.078092 0.062647 0.078772
15 0.424738 0.073405 0.062647 0.078772
15 0.817137 0.836408 0.096322 0.098276
