15 0.105516 0.245086 0.169553 0.270033
15 0.704832 0.388570 0.168270 0.296341
15 0.506949 0.308512 0.182168 0.303145
15 0.305217 0.265195 0.180885 0.283943
15 0.105303 0.244784 0.169553 0.270033
15 0.291800 0.701013 0.134381 0.274116
15 0.722311 0.858406 0.134381 0.274116
15 0.584616 0.795358 0.134381 0.274116
15 0.438582 0.727170 0.134381 0.274116
15 0.869147 0.897188 0.129998 0.194436
15 0.935856 0.195721 0.115031 0.278047
15 0.900150 0.500680 0.161001 0.259903
15 0.112145 0.894617 0.129998 0.194436
15 0.059440 0.683172 0.112038 0.199425
