15 0.171157 0.065316 0.128287 0.109162
15 0.180083 0.198745 0.118345 0.129574
15 0.296344 0.645600 0.125508 0.140611
15 0.247541 0.495086 0.118345 0.129574
15 0.216004 0.347974 0.118345 0.129574
15 0.403784 0.923949 0.125508 0.140611
15 0.345521 0.790898 0.125508 0.140611
15 0.705687 0.704264 0.125508 0.140611
15 0.658221 0.549441 0.125508 0.140611
15 0.625401 0.395222 0.125508 0.140611
15 0.777849 0.867554 0.125508 0.140611
15 0.549498 0.080587 0.125508 0.140611
15 0.586059 0.233595 0.125508 0.140611
15 0.869361 0.482688 0.134060 0.153462
15 0.816175 0.298307 0.144216 0.159359
15 0.775604 0.126474 0.147317 0.159510
15 0.932115 0.674705 0.128929 0.164651
