15 0.362091 0.889779 0.062647 0.090717
15 0.158007 0.710311 0.062647 0.090717
15 0.183772 0.808134 0.062647 0.090717
15 0.259889 0.800272 0.062647 0.090717
15 0.455741 0.659510 0.062647 0.090717
15 0.383900 0.667675 0.062647 0.090717
15 0.085739 0.710614 0.062647 0.090717
15 0.160680 0.539008 0.062647 0.090717
15 0.236797 0.529029 0.062647 0.090717
15 0.267158 0.631388 0.062647 0.090717
15 0.363908 0.564106 0.062647 0.090717
15 0.460017 0.503326 0.062647 0.090717
15 0.037524 0.359389 0.062647 0.090717
15 0.067030 0.464923 0.062647 0.090717
15 0.281270 0.316601 0.062647 0.090717
15 0.372782 0.397188 0.062647 0.090717
15 0.154266 0.125189 0.062647 0.090717
15 0.177785 0.231781 0.062647 0.090717
15 0.255506 0.214091 0.062647 0.090717
15 0.700235 0.203886 0.087235 0.110221
15 0.075369 0.132446 0.062647 0.090717
15 0.803079 0.187557 0.087235 0.110221
15 0.767052 0.058739 0.087235 0.110221
15 0.944943 0.308210 0.087235 0.110221
15 0.908061 0.160039 0.087235 0.110221
15 0.740111 0.470290 0.160359 0.212731
15 0.906831 0.684986 0.084777 0.139250
15 0.942324 0.936045 0.085846 0.114001
15 0.833066 0.851149 0.089053 0.125038
15 0.544259 0.891442 0.103058 0.122165
