15 0.080714 0.620880 0.040411 0.099335
15 0.163780 0.811687 0.040411 0.099335
15 0.069489 0.799365 0.033996 0.118234
15 0.164849 0.628591 0.040411 0.099335
15 0.298696 0.644542 0.045970 0.132144
15 0.172172 0.462353 0.042442 0.114001
15 0.083494 0.458497 0.039555 0.111128
15 0.258178 0.353266 0.073765 0.070910
15 0.367116 0.540671 0.073979 0.068037
15 0.377379 0.823858 0.045970 0.132144
15 0.292121 0.802616 0.049925 0.101149
15 0.580447 0.835198 0.050567 0.120048
15 0.608724 0.564862 0.073979 0.068037
15 0.487171 0.540822 0.073979 0.068037
15 0.680618 0.671379 0.048642 0.130481
15 0.803827 0.779634 0.045114 0.116873
15 0.812540 0.626172 0.053560 0.125643
15 0.671798 0.840717 0.048108 0.124131
15 0.378822 0.365588 0.082425 0.072271
15 0.386305 0.234503 0.082425 0.072271
15 0.502940 0.241760 0.082425 0.072271
15 0.614871 0.380708 0.082425 0.072271
15 0.620857 0.243272 0.082425 0.072271
15 0.818046 0.460160 0.051743 0.105685
15 0.895873 0.442622 0.071841 0.099637
15 0.888230 0.663592 0.047359 0.104627
15 0.839801 0.329301 0.082425 0.072271
15 0.134648 0.287572 0.079217 0.095857
15 0.266303 0.228682 0.073765 0.070910
15 0.799284 0.933550 0.051208 0.093892
