15 0.094452 0.639704 0.092474 0.070154
15 0.192698 0.843514 0.092474 0.070154
15 0.162016 0.779407 0.092474 0.070154
15 0.122782 0.701391 0.092474 0.070154
15 0.118880 0.417523 0.080180 0.059419
15 0.156297 0.480647 0.078683 0.060478
15 0.245563 0.248110 0.078683 0.060478
15 0.191790 0.320230 0.078683 0.060478
15 0.237759 0.376625 0.078683 0.060478
15 0.287898 0.302842 0.078683 0.060478
15 0.257537 0.662988 0.093222 0.073480
15 0.369575 0.645449 0.093222 0.073480
15 0.293778 0.729211 0.093222 0.073480
15 0.337075 0.559419 0.093222 0.073480
