15 0.259782 0.282960 0.053453 0.066979
15 0.261813 0.472709 0.053453 0.066979
15 0.289929 0.397868 0.053453 0.066979
15 0.315694 0.320910 0.053453 0.066979
15 0.212422 0.438388 0.053453 0.066979
15 0.234338 0.364605 0.053453 0.066979
15 0.326652 0.540520 0.042014 0.052918
15 0.432596 0.394315 0.042014 0.052918
15 0.389619 0.368158 0.042014 0.052918
15 0.380212 0.571969 0.042014 0.052918
15 0.506361 0.457817 0.045863 0.073480
15 0.451946 0.604475 0.045863 0.073480
15 0.479207 0.524191 0.045863 0.073480
15 0.319008 0.129574 0.080180 0.079831
15 0.401967 0.182189 0.080180 0.079831
15 0.444569 0.096538 0.059547 0.087542
15 0.276566 0.874131 0.067137 0.074539
15 0.343383 0.915785 0.063288 0.077714
15 0.249465 0.956758 0.054201 0.073480
15 0.344933 0.045283 0.067885 0.066979
