15 0.078790 0.429695 0.062647 0.077714
15 0.087022 0.301028 0.062647 0.077714
15 0.160894 0.312519 0.062647 0.077714
15 0.228565 0.321288 0.057943 0.076504
15 0.495724 0.358331 0.062647 0.077714
15 0.424417 0.346235 0.062647 0.077714
15 0.484499 0.488358 0.062647 0.077714
15 0.418591 0.475658 0.058050 0.076807
15 0.348300 0.464016 0.062647 0.077714
15 0.215950 0.446477 0.062647 0.077714
15 0.149989 0.437406 0.062647 0.077714
15 0.096002 0.652253 0.083173 0.175083
15 0.208627 0.679241 0.071734 0.153462
15 0.350011 0.245389 0.063716 0.061990
15 0.089534 0.173949 0.056340 0.120804
15 0.362839 0.121409 0.051956 0.055035
15 0.361129 0.187028 0.051956 0.055035
15 0.366260 0.048533 0.051956 0.055035
15 0.386252 0.774871 0.062647 0.077714
15 0.533622 0.711219 0.066175 0.067735
15 0.461621 0.705700 0.060295 0.072422
15 0.393201 0.687481 0.062647 0.077714
15 0.621018 0.804732 0.060295 0.072422
15 0.626256 0.719156 0.060295 0.072422
15 0.525230 0.793393 0.060295 0.072422
15 0.457024 0.781146 0.060295 0.072422
15 0.404854 0.602585 0.076331 0.066979
15 0.494227 0.611204 0.077828 0.066979
15 0.697723 0.733747 0.054201 0.070154
15 0.692378 0.823405 0.052705 0.083157
15 0.764165 0.647415 0.072482 0.065921
15 0.765662 0.742969 0.051101 0.071364
15 0.761867 0.830965 0.055698 0.087390
15 0.142934 0.210009 0.041266 0.068037
15 0.284798 0.232386 0.041266 0.068037
15 0.233376 0.225582 0.041266 0.068037
15 0.186551 0.218778 0.041266 0.068037
