15 0.152876 0.234351 0.122087 0.123072
15 0.119842 0.710311 0.122087 0.123072
15 0.162390 0.413592 0.081676 0.129574
15 0.154479 0.550423 0.081676 0.129574
15 0.271702 0.244557 0.054201 0.119897
15 0.409611 0.266934 0.054201 0.119897
15 0.243693 0.660644 0.054201 0.119897
15 0.249572 0.525476 0.054201 0.119897
15 0.260904 0.389099 0.054201 0.119897
15 0.378074 0.684533 0.054201 0.119897
15 0.388443 0.546039 0.054201 0.119897
15 0.397530 0.406486 0.054201 0.119897
15 0.230009 0.767765 0.059547 0.058361
15 0.364176 0.793317 0.059547 0.058361
15 0.704191 0.318567 0.106906 0.133958
15 0.806126 0.370351 0.077079 0.190051
