15 0.254437 0.347596 0.056446 0.105836
15 0.491661 0.686423 0.056446 0.105836
15 0.568420 0.560100 0.059226 0.121712
15 0.506094 0.550726 0.060295 0.116571
15 0.583494 0.414424 0.056446 0.105836
15 0.519029 0.404294 0.056446 0.105836
15 0.424204 0.677351 0.056446 0.105836
15 0.360594 0.669338 0.056446 0.105836
15 0.438048 0.535379 0.055912 0.119141
15 0.373744 0.527139 0.059867 0.105383
15 0.451572 0.394164 0.056446 0.105836
15 0.388711 0.380859 0.056446 0.105836
15 0.289929 0.639704 0.056446 0.105836
15 0.227924 0.629876 0.056446 0.105836
15 0.303293 0.505292 0.056446 0.105836
15 0.243532 0.490928 0.056446 0.105836
15 0.314411 0.359994 0.056446 0.105836
15 0.555805 0.695041 0.056446 0.105836
