15 0.262829 0.104173 0.047359 0.068037
15 0.574888 0.148322 0.047359 0.068037
15 0.514379 0.132749 0.047359 0.068037
15 0.447776 0.124887 0.047359 0.068037
15 0.381067 0.119141 0.047359 0.068037
15 0.325155 0.113396 0.047359 0.068037
15 0.470868 0.340187 0.047359 0.068037
15 0.533194 0.347294 0.047359 0.068037
15 0.591031 0.354702 0.047359 0.068037
15 0.599262 0.270033 0.047359 0.068037
15 0.537150 0.260054 0.047359 0.068037
15 0.476641 0.255367 0.047359 0.068037
15 0.575208 0.565618 0.047359 0.068037
15 0.515448 0.553372 0.047359 0.068037
15 0.456436 0.547777 0.047359 0.068037
15 0.584616 0.481554 0.047359 0.068037
15 0.520152 0.475809 0.047359 0.068037
15 0.461140 0.462504 0.047359 0.068037
15 0.466592 0.760659 0.047359 0.068037
15 0.474717 0.679468 0.047359 0.068037
15 0.527208 0.764439 0.047359 0.068037
15 0.532339 0.682945 0.047359 0.068037
15 0.344291 0.738887 0.047359 0.068037
15 0.398920 0.742969 0.047359 0.068037
15 0.350706 0.656184 0.047359 0.068037
15 0.407793 0.663441 0.047359 0.068037
15 0.158488 0.712731 0.047359 0.068037
15 0.218677 0.719988 0.047359 0.068037
15 0.279506 0.731479 0.047359 0.068037
15 0.284638 0.645751 0.047359 0.068037
15 0.225625 0.640157 0.047359 0.068037
15 0.162871 0.632295 0.047359 0.068037
15 0.295542 0.521923 0.047359 0.068037
15 0.300674 0.437254 0.047359 0.068037
15 0.240806 0.431509 0.047359 0.068037
15 0.180297 0.428031 0.047359 0.068037
15 0.234285 0.515271 0.047359 0.068037
15 0.172279 0.506350 0.047359 0.068037
15 0.248717 0.306622 0.047359 0.068037
15 0.187460 0.298911 0.047359 0.068037
15 0.255880 0.223012 0.047359 0.068037
15 0.196119 0.219383 0.047359 0.068037
15 0.963278 0.539764 0.057622 0.069549
15 0.875668 0.528803 0.054095 0.069701
15 0.882510 0.396356 0.054308 0.066979
15 0.819382 0.389174 0.059761 0.068340
15 0.746739 0.373904 0.058585 0.070759
15 0.810402 0.512700 0.047359 0.068037
15 0.742356 0.509525 0.054736 0.073480
15 0.754971 0.721500 0.092367 0.189900
15 0.750267 0.284926 0.049818 0.064862
15 0.757430 0.212504 0.053881 0.063048
15 0.869575 0.756426 0.069489 0.145751
15 0.083387 0.619897 0.070344 0.181433
15 0.761065 0.102510 0.058798 0.073480
15 0.852363 0.295888 0.030575 0.073480
15 0.939438 0.306093 0.038165 0.072422
15 0.803239 0.290671 0.038165 0.072422
15 0.893147 0.304430 0.038165 0.072422
