15 0.303667 0.207363 0.046504 0.084215
15 0.684253 0.694738 0.047573 0.098579
15 0.267319 0.761793 0.046504 0.084215
15 0.348461 0.773284 0.045649 0.077563
15 0.350171 0.687708 0.046504 0.084215
15 0.274909 0.684911 0.046077 0.081343
15 0.355944 0.592153 0.046504 0.084215
15 0.367917 0.489190 0.046504 0.084215
15 0.369307 0.395071 0.051208 0.082250
15 0.375080 0.308210 0.046504 0.084215
15 0.381708 0.215074 0.046504 0.084215
15 0.296397 0.384941 0.047359 0.081040
15 0.299765 0.303296 0.046825 0.071666
15 0.733376 0.810705 0.044045 0.095555
15 0.677143 0.806244 0.043404 0.091473
15 0.740806 0.703508 0.047573 0.098579
15 0.262829 0.832099 0.047359 0.046417
15 0.344933 0.845026 0.055698 0.044149
15 0.811845 0.771621 0.041266 0.093892
15 0.863855 0.779710 0.036669 0.094950
15 0.730810 0.892954 0.042976 0.047777
15 0.940721 0.804808 0.037096 0.114001
15 0.857013 0.889401 0.044152 0.093892
15 0.806072 0.888116 0.042121 0.094043
15 0.681740 0.890384 0.042976 0.047777
