15 0.122301 0.658225 0.088518 0.165256
15 0.574674 0.768143 0.084990 0.109616
15 0.584830 0.572573 0.079859 0.109767
15 0.489684 0.571213 0.086915 0.107953
15 0.478886 0.755821 0.090122 0.097369
15 0.255826 0.185440 0.131708 0.207892
15 0.225198 0.444512 0.110434 0.195041
15 0.220120 0.670018 0.088518 0.165256
15 0.924043 0.193075 0.086915 0.107953
15 0.884648 0.338298 0.120162 0.107499
15 0.768495 0.163592 0.079217 0.134865
15 0.703389 0.160795 0.079431 0.118990
15 0.618880 0.146054 0.083387 0.120351
15 0.534531 0.135092 0.091939 0.116269
15 0.586273 0.284019 0.076972 0.107802
15 0.501764 0.271470 0.074727 0.094194
15 0.928533 0.071969 0.086915 0.107953
