15 0.404479 0.812594 0.054201 0.076656
15 0.694943 0.848654 0.053560 0.062897
15 0.621178 0.880934 0.048428 0.069701
15 0.551529 0.860750 0.048749 0.073178
15 0.483055 0.841699 0.055698 0.072271
15 0.690133 0.912156 0.053560 0.062897
15 0.492570 0.546795 0.049070 0.066072
15 0.419179 0.545585 0.050887 0.079377
15 0.344986 0.538479 0.054095 0.074236
15 0.337235 0.617629 0.052705 0.065014
15 0.485247 0.645600 0.053025 0.062897
15 0.479848 0.738887 0.053132 0.069549
15 0.326652 0.716586 0.054201 0.076656
15 0.324834 0.799441 0.054201 0.076656
15 0.434306 0.196628 0.061685 0.058210
15 0.353004 0.285833 0.050887 0.079377
15 0.357334 0.190354 0.044580 0.068340
15 0.426342 0.341926 0.060936 0.059117
15 0.507163 0.341246 0.053453 0.084064
15 0.501390 0.453961 0.049818 0.066072
15 0.425326 0.446326 0.050780 0.061990
15 0.348781 0.432114 0.050994 0.071061
15 0.516891 0.225431 0.053453 0.084064
15 0.620430 0.134639 0.061685 0.058210
15 0.547627 0.122543 0.061685 0.058210
15 0.468730 0.112564 0.061685 0.058210
15 0.571360 0.039915 0.071734 0.064711
15 0.687727 0.089507 0.034424 0.142425
15 0.484285 0.036589 0.067137 0.058361
