15 0.384648 0.221878 0.093864 0.154370
15 0.507377 0.501285 0.093864 0.154370
15 0.365084 0.490097 0.093864 0.154370
15 0.527475 0.264212 0.093864 0.154370
15 0.178533 0.606365 0.048108 0.070305
15 0.385931 0.847974 0.048108 0.070305
15 0.393415 0.759072 0.048108 0.070305
15 0.491661 0.649758 0.048108 0.070305
15 0.426555 0.638570 0.048108 0.070305
15 0.361343 0.636151 0.048108 0.070305
15 0.302437 0.627230 0.048108 0.070305
15 0.238080 0.615135 0.048108 0.070305
15 0.166025 0.817735 0.048108 0.070305
15 0.104768 0.805640 0.048108 0.070305
15 0.170943 0.727623 0.048108 0.070305
15 0.110434 0.725053 0.048108 0.070305
15 0.507697 0.862489 0.048108 0.070305
15 0.512080 0.782204 0.048108 0.070305
15 0.447723 0.856441 0.048108 0.070305
15 0.454458 0.776157 0.048108 0.070305
15 0.213812 0.944587 0.048108 0.070305
15 0.156297 0.935667 0.048108 0.070305
15 0.095681 0.930073 0.048108 0.070305
15 0.670301 0.719610 0.048108 0.070305
15 0.665170 0.795056 0.053667 0.064258
15 0.800567 0.907242 0.056126 0.070910
15 0.735568 0.895751 0.053346 0.070305
15 0.667468 0.888041 0.055057 0.072725
15 0.923455 0.831040 0.056446 0.061536
15 0.941629 0.567886 0.056660 0.053825
15 0.941843 0.636377 0.051529 0.055640
15 0.935643 0.767387 0.051743 0.052767
15 0.936337 0.704037 0.055057 0.060327
15 0.682489 0.536740 0.058798 0.058361
15 0.737439 0.548004 0.037417 0.072422
15 0.673669 0.603644 0.059547 0.058210
15 0.783622 0.553372 0.038272 0.068037
15 0.828362 0.555640 0.031323 0.063804
15 0.808745 0.806018 0.035279 0.066223
15 0.765501 0.801406 0.034744 0.070910
15 0.721082 0.796492 0.036562 0.068037
15 0.875989 0.565770 0.036776 0.067130
15 0.855035 0.815845 0.037417 0.063804
