15 0.153624 0.530163 0.051956 0.071213
15 0.306981 0.778500 0.038379 0.073783
15 0.254009 0.763910 0.051956 0.071213
15 0.191897 0.762700 0.051956 0.071213
15 0.128394 0.758013 0.051956 0.071213
15 0.267800 0.626928 0.051956 0.071213
15 0.211140 0.620124 0.051956 0.071213
15 0.143682 0.612413 0.051956 0.071213
15 0.271755 0.536362 0.051956 0.071213
15 0.211995 0.527442 0.051956 0.071213
15 0.532874 0.663139 0.058691 0.073178
15 0.542335 0.578697 0.051956 0.071213
15 0.563395 0.492062 0.051956 0.071213
15 0.573979 0.403311 0.051956 0.071213
15 0.508018 0.381388 0.051956 0.071213
15 0.491768 0.466359 0.051956 0.071213
15 0.471777 0.554657 0.051956 0.071213
15 0.458520 0.636453 0.051956 0.071213
15 0.612839 0.775174 0.058691 0.073178
15 0.624813 0.688539 0.058691 0.073178
15 0.643735 0.603871 0.058691 0.073178
15 0.662658 0.516178 0.058691 0.073178
15 0.676128 0.425008 0.058691 0.073178
15 0.742944 0.124509 0.050780 0.096613
15 0.723808 0.214998 0.058691 0.073178
15 0.516784 0.271999 0.051101 0.091019
15 0.707558 0.310251 0.052919 0.090112
15 0.569756 0.291805 0.058691 0.073178
15 0.638230 0.295888 0.057088 0.090717
15 0.612038 0.079679 0.057088 0.090717
15 0.679816 0.094497 0.057088 0.090717
15 0.550674 0.070759 0.057088 0.090717
15 0.700877 0.935289 0.110755 0.107953
15 0.838999 0.939522 0.060295 0.099486
