15 0.082959 0.634941 0.052598 0.127457
15 0.224236 0.309344 0.074086 0.139401
15 0.579271 0.327638 0.106372 0.128818
15 0.452427 0.337693 0.104982 0.141064
15 0.335044 0.299138 0.086166 0.168279
15 0.593329 0.463638 0.107120 0.111430
15 0.264967 0.768068 0.062968 0.146356
15 0.498396 0.212126 0.168698 0.085274
15 0.573284 0.778122 0.045007 0.199728
15 0.478458 0.788781 0.039235 0.174176
15 0.523733 0.773435 0.045328 0.187330
15 0.328148 0.752117 0.051208 0.195494
15 0.106692 0.866117 0.060295 0.155579
15 0.205527 0.438917 0.114496 0.096160
