15 0.574407 0.475053 0.082532 0.118839
15 0.793832 0.766027 0.092688 0.105080
15 0.748290 0.648700 0.104233 0.108709
15 0.707344 0.536740 0.091405 0.094950
15 0.665170 0.432870 0.082532 0.118839
15 0.413834 0.126625 0.072269 0.152858
15 0.575476 0.203054 0.092367 0.116420
15 0.484712 0.643559 0.101561 0.131690
15 0.295756 0.295358 0.103806 0.130783
15 0.379998 0.557151 0.126042 0.077714
15 0.093810 0.189447 0.103164 0.083157
15 0.052491 0.334744 0.097071 0.094950
15 0.494655 0.372997 0.100064 0.100393
15 0.402074 0.415936 0.100064 0.100393
15 0.264700 0.639855 0.084670 0.169640
