15 0.387962 0.377457 0.087022 0.135017
15 0.461835 0.475280 0.087022 0.135017
15 0.253261 0.927653 0.087022 0.135017
15 0.172119 0.841926 0.087022 0.135017
15 0.130265 0.713184 0.081783 0.124282
15 0.124225 0.564938 0.087022 0.135017
15 0.507163 0.609087 0.087022 0.114454
15 0.506842 0.755367 0.100064 0.132749
15 0.076545 0.387058 0.082532 0.085274
15 0.076331 0.386755 0.082532 0.085274
15 0.309066 0.222256 0.082532 0.085274
15 0.230917 0.282431 0.082532 0.085274
15 0.155869 0.343816 0.082532 0.085274
15 0.666346 0.676142 0.100064 0.105836
15 0.578362 0.260054 0.100064 0.105836
15 0.950984 0.786891 0.082211 0.112942
15 0.846322 0.847294 0.094612 0.097974
15 0.759140 0.894693 0.077828 0.109011
15 0.754757 0.603417 0.100064 0.105836
15 0.619949 0.438161 0.075262 0.151799
15 0.470868 0.130103 0.072589 0.135017
15 0.733216 0.263532 0.050353 0.090717
15 0.705687 0.130708 0.074834 0.103568
15 0.599850 0.064636 0.072696 0.090868
