15 0.333013 0.761264 0.093222 0.120956
15 0.649669 0.718930 0.093222 0.120956
15 0.659504 0.587995 0.093222 0.120956
15 0.566389 0.875340 0.100064 0.132598
15 0.458948 0.905806 0.093222 0.120956
15 0.354821 0.935894 0.093222 0.120956
15 0.149508 0.676746 0.093757 0.156335
15 0.340710 0.529181 0.135985 0.116722
15 0.663459 0.399305 0.135985 0.116722
15 0.496044 0.456154 0.135985 0.116722
15 0.610381 0.228001 0.068527 0.103115
15 0.216164 0.407318 0.090229 0.092531
15 0.318206 0.348503 0.068527 0.103115
15 0.409611 0.314031 0.091405 0.084669
15 0.501497 0.270184 0.083173 0.092531
15 0.701465 0.214923 0.089480 0.101451
15 0.129089 0.458346 0.079431 0.100544
15 0.129891 0.160946 0.105409 0.099335
15 0.055591 0.229740 0.105409 0.099335
15 0.832478 0.745162 0.109900 0.131690
15 0.813235 0.925234 0.109900 0.131690
