15 0.296504 0.556169 0.097819 0.112337
15 0.147424 0.325824 0.090443 0.144542
15 0.315266 0.286438 0.127218 0.098730
15 0.517212 0.218174 0.096216 0.125189
15 0.496419 0.359465 0.097819 0.112337
15 0.410680 0.518975 0.097819 0.112337
15 0.315747 0.671984 0.097819 0.112337
15 0.111343 0.894995 0.097819 0.112337
15 0.076812 0.707817 0.097819 0.112337
15 0.744227 0.370956 0.097819 0.112337
15 0.792121 0.178485 0.097819 0.112337
15 0.946921 0.071137 0.097819 0.112337
15 0.576705 0.760584 0.097819 0.112337
15 0.646729 0.880178 0.097819 0.112337
