15 0.312166 0.230647 0.112251 0.109011
15 0.159183 0.389099 0.112251 0.109011
15 0.273573 0.382295 0.112251 0.109011
15 0.159023 0.579982 0.080928 0.136075
15 0.192966 0.725658 0.083173 0.114454
15 0.677090 0.409813 0.066389 0.104778
15 0.522557 0.318037 0.074834 0.096008
15 0.777421 0.629422 0.074620 0.121258
15 0.654907 0.522604 0.074834 0.096008
15 0.475946 0.539537 0.074834 0.096008
15 0.498717 0.427956 0.074834 0.096008
15 0.894163 0.407393 0.074834 0.096008
15 0.897584 0.293468 0.077614 0.108558
15 0.469051 0.122694 0.065533 0.095706
15 0.509461 0.647944 0.067244 0.101451
15 0.612786 0.696931 0.081890 0.092077
15 0.659932 0.859087 0.135985 0.117629
15 0.761492 0.745615 0.074834 0.076656
15 0.805003 0.896281 0.081035 0.164197
15 0.797734 0.524267 0.078683 0.070305
15 0.250214 0.601451 0.078576 0.151194
15 0.384274 0.885017 0.120697 0.214847
15 0.675593 0.970895 0.138230 0.051860
15 0.714507 0.075522 0.171798 0.129574
