15 0.407259 0.220139 0.079431 0.118839
15 0.388016 0.672513 0.079431 0.118839
15 0.236690 0.913290 0.088946 0.106592
15 0.178213 0.842380 0.086808 0.105685
15 0.106692 0.761718 0.086166 0.113698
15 0.100759 0.622619 0.079431 0.118839
15 0.157740 0.531448 0.079431 0.118839
15 0.264539 0.344421 0.079431 0.118839
15 0.322375 0.254460 0.079431 0.118839
15 0.656564 0.300575 0.079431 0.118839
15 0.569329 0.272301 0.079431 0.118839
15 0.491929 0.243877 0.079431 0.118839
15 0.205313 0.452979 0.079431 0.118839
15 0.696868 0.426822 0.079431 0.118839
15 0.679763 0.549592 0.079431 0.118839
15 0.660520 0.668128 0.079431 0.118839
15 0.561097 0.734805 0.079431 0.118839
15 0.481452 0.708497 0.079431 0.118839
15 0.136252 0.112791 0.089694 0.102510
