15 0.157793 0.512398 0.113748 0.162988
15 0.348781 0.603644 0.089267 0.127457
15 0.618987 0.068340 0.069703 0.098579
15 0.516570 0.108104 0.083601 0.096764
15 0.425914 0.152253 0.087663 0.094950
15 0.332638 0.186725 0.081783 0.099486
15 0.230276 0.246447 0.092581 0.094648
15 0.141170 0.296568 0.081356 0.102359
15 0.308317 0.387738 0.081676 0.114454
15 0.576972 0.716359 0.095574 0.141820
15 0.470334 0.743801 0.093543 0.134412
15 0.365993 0.778727 0.097605 0.125038
15 0.658756 0.558134 0.081676 0.114454
15 0.669981 0.425083 0.081676 0.114454
15 0.704084 0.236846 0.081676 0.114454
15 0.631388 0.244103 0.081676 0.114454
15 0.534851 0.280541 0.081676 0.114454
15 0.461407 0.312746 0.081676 0.114454
15 0.377913 0.351300 0.081676 0.114454
15 0.559333 0.906259 0.092795 0.114001
15 0.822322 0.779559 0.095574 0.141820
15 0.840603 0.585727 0.095574 0.141820
15 0.439277 0.934079 0.092795 0.114001
