15 0.424738 0.718098 0.088518 0.116571
15 0.352149 0.048911 0.091725 0.089961
15 0.903143 0.077185 0.088518 0.116571
15 0.815159 0.140535 0.088518 0.116571
15 0.735407 0.108936 0.088518 0.116571
15 0.641330 0.068718 0.088518 0.116571
15 0.363908 0.173042 0.088518 0.116571
15 0.435429 0.248337 0.088518 0.116571
15 0.492517 0.318340 0.088518 0.116571
15 0.751229 0.437783 0.088518 0.116571
15 0.699059 0.547551 0.088518 0.116571
15 0.648493 0.640233 0.088518 0.116571
15 0.597819 0.739265 0.088518 0.116571
15 0.505987 0.776761 0.088518 0.116571
