15 0.283569 0.329906 0.076438 0.115513
15 0.634969 0.642954 0.079004 0.102963
15 0.648225 0.468400 0.089053 0.134563
15 0.186177 0.846160 0.092260 0.098125
15 0.281484 0.802842 0.089374 0.107046
15 0.460445 0.390157 0.067565 0.191563
15 0.260798 0.445721 0.076438 0.115513
15 0.786188 0.479816 0.098781 0.113849
15 0.780736 0.658981 0.092795 0.122619
15 0.641276 0.799743 0.080073 0.134714
15 0.633579 0.253175 0.092474 0.176142
15 0.486476 0.192471 0.078148 0.109465
15 0.782446 0.848806 0.103058 0.125189
15 0.443767 0.790974 0.074834 0.091775
15 0.821413 0.292108 0.077079 0.117629
15 0.380800 0.755367 0.061792 0.083157
15 0.185322 0.561990 0.095467 0.096160
15 0.095734 0.596160 0.095467 0.096160
15 0.485087 0.929846 0.079431 0.105836
15 0.581249 0.907620 0.062647 0.100393
15 0.643896 0.970819 0.085525 0.049592
15 0.906190 0.171152 0.086273 0.065921
15 0.920996 0.628893 0.065854 0.074841
15 0.767746 0.121787 0.149348 0.086937
15 0.906992 0.294829 0.072482 0.081947
15 0.906992 0.441715 0.065854 0.074841
15 0.924310 0.806396 0.065854 0.074841
15 0.037578 0.701391 0.065747 0.109162
15 0.122728 0.241911 0.089374 0.149078
15 0.061899 0.359465 0.108617 0.140762
15 0.323124 0.101451 0.068741 0.077714
15 0.321413 0.185364 0.068741 0.077714
15 0.491448 0.580133 0.081462 0.189598
