15 0.471991 0.269580 0.094719 0.098276
15 0.200823 0.684684 0.082852 0.140460
15 0.690721 0.368310 0.094719 0.098276
15 0.584349 0.384185 0.094719 0.098276
15 0.481826 0.400060 0.094719 0.098276
15 0.681634 0.240097 0.094719 0.098276
15 0.575369 0.249471 0.094719 0.098276
15 0.364871 0.592153 0.067778 0.144088
15 0.083066 0.660039 0.070986 0.152858
15 0.287417 0.612640 0.070024 0.103115
15 0.176930 0.820457 0.129143 0.097823
15 0.161268 0.544754 0.087129 0.100393
15 0.295275 0.498412 0.058798 0.091775
15 0.362465 0.336937 0.061899 0.190051
15 0.469799 0.559419 0.132884 0.079831
15 0.331195 0.899002 0.058798 0.109162
15 0.594238 0.594421 0.076438 0.182492
15 0.486957 0.645222 0.109258 0.057303
15 0.789716 0.279634 0.064144 0.220290
15 0.900470 0.213789 0.074834 0.131842
15 0.670141 0.587844 0.060402 0.198065
15 0.913834 0.370880 0.074834 0.131842
15 0.520954 0.083081 0.168056 0.084215
15 0.579752 0.748337 0.061150 0.101451
15 0.710979 0.955549 0.071948 0.080133
15 0.873530 0.597974 0.064571 0.153916
15 0.399989 0.820305 0.081569 0.089356
15 0.494548 0.866042 0.063502 0.107953
15 0.648172 0.755443 0.061150 0.101451
15 0.697723 0.861733 0.060402 0.099335
15 0.779453 0.816374 0.080180 0.064862
15 0.805377 0.885017 0.089267 0.063653
15 0.262027 0.931358 0.053453 0.128515
15 0.905495 0.771696 0.058798 0.173874
15 0.768334 0.484200 0.120590 0.063653
15 0.767960 0.578772 0.077079 0.088600
15 0.292602 0.279634 0.074834 0.064862
