15 0.624866 0.376399 0.087022 0.074539
15 0.183772 0.352585 0.090870 0.083157
15 0.714774 0.699652 0.077614 0.114757
15 0.166346 0.713033 0.087663 0.074992
15 0.168644 0.623828 0.089267 0.065618
15 0.172333 0.533943 0.086380 0.063955
15 0.178854 0.448292 0.090870 0.083157
15 0.200877 0.900892 0.091939 0.193982
15 0.686872 0.816828 0.077614 0.114757
15 0.548803 0.612337 0.086273 0.151194
15 0.493372 0.737375 0.093436 0.140611
15 0.493158 0.737073 0.093436 0.140611
15 0.420943 0.352585 0.100812 0.149985
15 0.426609 0.208875 0.117062 0.115966
15 0.348728 0.697082 0.100064 0.152253
15 0.352416 0.848125 0.129250 0.118083
15 0.888230 0.762474 0.082425 0.204717
15 0.914101 0.564258 0.073445 0.102510
15 0.752726 0.468703 0.067992 0.075597
15 0.748771 0.558059 0.067992 0.075597
15 0.644484 0.292864 0.065961 0.063199
15 0.615298 0.944360 0.086273 0.098276
15 0.927197 0.914953 0.075048 0.089961
15 0.521274 0.951089 0.075048 0.089961
