15 0.232788 0.182945 0.074086 0.096160
15 0.551903 0.429997 0.074086 0.096160
15 0.485194 0.376625 0.074086 0.096160
15 0.422226 0.324614 0.074086 0.096160
15 0.354875 0.278954 0.074086 0.096160
15 0.292762 0.232235 0.074086 0.096160
15 0.132510 0.332250 0.061685 0.102359
15 0.187888 0.412005 0.074086 0.096160
15 0.273199 0.423647 0.074086 0.096160
15 0.350919 0.457968 0.074086 0.096160
15 0.152876 0.237602 0.056446 0.071213
15 0.441897 0.619822 0.049711 0.064862
15 0.439598 0.697611 0.045114 0.064711
15 0.431954 0.114454 0.061899 0.088600
15 0.616955 0.541352 0.073551 0.074841
15 0.366528 0.068491 0.061899 0.088600
15 0.555377 0.636302 0.051743 0.105383
15 0.713492 0.541805 0.073551 0.074841
15 0.545221 0.763305 0.051743 0.105383
15 0.483483 0.823934 0.080928 0.069096
15 0.434253 0.786135 0.055805 0.056093
15 0.695050 0.715981 0.070237 0.082099
15 0.487706 0.176520 0.048108 0.063653
15 0.799230 0.218098 0.066496 0.099335
15 0.554789 0.216284 0.061685 0.083308
15 0.796558 0.113774 0.066496 0.099335
15 0.615619 0.254233 0.058050 0.074539
15 0.678640 0.296946 0.061792 0.081947
15 0.581997 0.133353 0.044259 0.102510
