15 0.211300 0.469761 0.081783 0.075597
15 0.372942 0.457514 0.081783 0.075597
15 0.291800 0.455095 0.081783 0.075597
15 0.384595 0.546417 0.054201 0.107953
15 0.354661 0.637889 0.054201 0.107953
15 0.086487 0.540445 0.071841 0.085425
15 0.285653 0.695721 0.071841 0.085425
15 0.220440 0.637058 0.071841 0.085425
15 0.154586 0.587012 0.071841 0.085425
15 0.081462 0.752117 0.073979 0.091775
15 0.342420 0.937632 0.073979 0.091775
15 0.273466 0.894088 0.073979 0.091775
15 0.213705 0.850544 0.073979 0.091775
15 0.147103 0.800650 0.073979 0.091775
15 0.636252 0.580435 0.067244 0.107046
15 0.645232 0.787421 0.067244 0.107046
15 0.642666 0.678107 0.067244 0.107046
15 0.433825 0.273133 0.065640 0.129574
15 0.542762 0.252721 0.127646 0.097218
15 0.628982 0.119822 0.064892 0.110221
15 0.661321 0.051633 0.064357 0.091170
15 0.718516 0.176217 0.064571 0.101149
15 0.755399 0.069776 0.067137 0.100242
15 0.652341 0.311612 0.079324 0.083157
15 0.770579 0.406033 0.117597 0.110221
15 0.884755 0.118688 0.057302 0.075597
15 0.833654 0.204642 0.069489 0.087542
15 0.889780 0.318491 0.068634 0.082099
15 0.957558 0.407696 0.068634 0.082099
15 0.861075 0.590187 0.061899 0.089658
15 0.819275 0.885773 0.065747 0.087542
15 0.815213 0.775401 0.065747 0.087542
15 0.928854 0.673042 0.061899 0.089658
15 0.888978 0.759072 0.061899 0.089658
15 0.812326 0.677729 0.061899 0.089658
