15 0.148653 0.211067 0.109151 0.117629
15 0.386198 0.574539 0.095467 0.110070
15 0.489897 0.834442 0.095467 0.110070
15 0.533943 0.692773 0.095467 0.110070
15 0.412284 0.717115 0.095467 0.110070
15 0.476213 0.490172 0.095467 0.110070
15 0.640314 0.769731 0.095467 0.110070
15 0.158168 0.400060 0.095467 0.110070
15 0.162551 0.541276 0.095467 0.110070
15 0.106639 0.745691 0.109365 0.132749
15 0.650363 0.944360 0.099957 0.098276
15 0.559119 0.136529 0.088518 0.115513
15 0.642185 0.194436 0.088518 0.115513
15 0.736797 0.355458 0.090443 0.100998
15 0.779506 0.254838 0.076866 0.103568
15 0.850118 0.094572 0.085311 0.145600
15 0.812166 0.763834 0.162711 0.124282
15 0.439277 0.057832 0.093222 0.102661
