15 0.774909 0.379574 0.096964 0.078772
15 0.558371 0.554506 0.067351 0.098428
15 0.476053 0.677351 0.091298 0.096764
15 0.913513 0.811612 0.158649 0.106743
15 0.685429 0.460463 0.096964 0.078772
15 0.473594 0.455171 0.105409 0.089658
15 0.266570 0.501436 0.090336 0.083611
15 0.292442 0.723768 0.072162 0.120351
15 0.323605 0.617629 0.078469 0.073480
15 0.364015 0.348730 0.075690 0.075748
15 0.266357 0.501134 0.090336 0.083611
15 0.129410 0.465150 0.090336 0.083611
15 0.199433 0.476792 0.090336 0.083611
15 0.325102 0.239643 0.110755 0.116722
15 0.249733 0.065543 0.079752 0.119292
15 0.202854 0.798609 0.095467 0.081040
