15 0.305591 0.827714 0.254971 0.148019
15 0.601775 0.541578 0.106906 0.117629
15 0.760263 0.780088 0.097178 0.115966
15 0.759354 0.641140 0.098995 0.117176
15 0.770312 0.447762 0.090763 0.117478
15 0.767479 0.309873 0.097926 0.112337
15 0.602309 0.683701 0.106906 0.117629
15 0.426502 0.577034 0.074300 0.217266
15 0.600599 0.212731 0.106906 0.117629
15 0.596536 0.340943 0.106906 0.117629
15 0.581035 0.928031 0.106906 0.117629
15 0.284691 0.072271 0.188582 0.092833
15 0.113908 0.436272 0.100812 0.157696
15 0.346109 0.518295 0.102309 0.116722
